image: labirin_kos_2.pgm
resolution: 0.025000
origin: [-1.000000, -1.000000, 0.000000]
negate: 0
occupied_thresh: 0.65
free_thresh: 0.196

